Max=-3.200659451
Min=-7.05194532
