Max=-3.721246399
Min=-13.03621217
